22.09
22.09
23.32
22.09
25.61
19.44
23.32
22.09
22.09
23.32
24.49
23.32
25.61
25.61
25.61
35.50
20.80
31.45
32.31
31.45
35.50
35.50
36.97
39.69
42.18
43.35
45.02
46.61
49.08
50.93
52.25
54.34
56.31
58.53
59.94
61.63
63.87
65.69
67.71
69.37
71.48
73.25
75.19
77.05
79.06
81.00
82.66
84.86
86.61
88.30
90.13
92.09
94.00
95.69
97.51
99.45
101.35
103.06
104.90
106.56
108.35
110.12
112.01
113.60
115.18
117.17
118.87
120.42
122.11
123.80
125.48
127.17
128.86
130.85
132.12
133.84
135.42
137.16
138.76
140.38
142.02
143.67
145.35
147.04
148.61
150.19
151.80
153.27